所有账号的密码都为123
2017111777
2017111900
2017111901
2017111902
2017111903
2017111904
2017111905
2017111906
2017111907
2017111908
2017111909
2017111910
2017111911
2017111912
2017111913
2017111914
2017111915
2017111916
2017111917
2017111918
2017111919
2017111920
2017111921
2017111922
2017111923
2017111924
2017111925
2017111926
2017111927
2017111928
2017111929
2017111930
2017111931
2017111932
2017111933
2017111934
2017111935
2017111936
2017111937
2017111938
2017111939
2017111940
2017111941
2017111942
2017111943
2017111944
2017111945
2017111946
2017111947
2017111948
2017111949
2017111950
2017111951
2017111952
2017111953
2017111954
2017111955
2017111956
2017111957
2017111958
2017111959
2017111960
2017111961
2017111962
2017111963
2017111964
2017111965
2017111966
2017111967
2017111968
2017111969
2017111970
2017111971
2017111972
2017111973
2017111974
2017111975
2017111976
2017111977
2017111978
2017111979
2017111980
2017111981
2017111982
2017111983
2017111984
2017111985
2017111986
2017111987
2017111988
2017111989
2017111990
2017111991
2017111992
2017111993
2017111994
2017111995
2017111996
2017111997
2017111998
2017111999